<!DOCTYPE html>
<html>

<head>
    <meta charset="utf-8">
    <meta name="viewport" content="width=device-width">
    <title>JS Bin</title>
</head>

<body>
    <h1>Cantidad de experimentos por año</h1>
    <svg width="800" height="600" xmlns="http://www.w3.org/2000/svg">
        <g>
            <path class="layer" d="M0,345.39910313901345C23.514253502979546,345.39910313901345,23.514253502979546,378.1704035874439,47.02850700595909,378.1704035874439C70.54276050893864,378.1704035874439,70.54276050893864,428.1076233183856,94.05701401191818,428.1076233183856C117.57126751489773,428.1076233183856,117.57126751489773,491.04932735426013,141.08552101787728,491.04932735426013C164.66419713319374,491.04932735426013,164.66419713319374,518.0986547085201,188.24287324851022,518.0986547085201C211.75712675148975,518.0986547085201,211.75712675148975,567.7757847533632,235.2713802544693,567.7757847533632C258.78563375744886,567.7757847533632,258.78563375744886,567.5156950672646,282.2998872604284,567.5156950672646C305.814140763408,567.5156950672646,305.814140763408,551.390134529148,329.32839426638753,551.390134529148C352.907070381704,551.390134529148,352.907070381704,523.5605381165919,376.48574649702044,523.5605381165919C400,523.5605381165919,400,502.49327354260095,423.51425350297956,502.49327354260095C447.0285070059591,502.49327354260095,447.0285070059591,486.627802690583,470.5427605089386,486.627802690583C494.05701401191817,486.627802690583,494.05701401191817,498.5919282511211,517.5712675148977,498.5919282511211C541.1499436302142,498.5919282511211,541.1499436302142,466.0807174887892,564.7286197455306,466.0807174887892C588.2428732485103,466.0807174887892,588.2428732485103,458.7982062780269,611.7571267514899,458.7982062780269C635.2713802544694,458.7982062780269,635.2713802544694,464,658.7856337574489,464C682.2998872604285,464,682.2998872604285,434.3497757847534,705.814140763408,434.3497757847534C729.3928168787245,434.3497757847534,729.3928168787245,399.23766816143495,752.9714929940409,399.23766816143495C776.4857464970205,399.23766816143495,776.4857464970205,419.52466367713004,800,419.52466367713004L800,397.15695067264573C776.4857464970205,397.15695067264573,776.4857464970205,385.713004484305,752.9714929940409,385.713004484305C729.3928168787245,385.713004484305,729.3928168787245,418.2242152466368,705.814140763408,418.2242152466368C682.2998872604285,418.2242152466368,682.2998872604285,441.6322869955157,658.7856337574489,441.6322869955157C635.2713802544694,441.6322869955157,635.2713802544694,441.1121076233184,611.7571267514899,441.1121076233184C588.2428732485103,441.1121076233184,588.2428732485103,444.23318385650225,564.7286197455306,444.23318385650225C541.1499436302142,444.23318385650225,541.1499436302142,486.10762331838566,517.5712675148977,486.10762331838566C494.05701401191817,486.10762331838566,494.05701401191817,467.3811659192825,470.5427605089386,467.3811659192825C447.0285070059591,467.3811659192825,447.0285070059591,484.286995515695,423.51425350297956,484.286995515695C400,484.286995515695,400,504.8340807174888,376.48574649702044,504.8340807174888C352.907070381704,504.8340807174888,352.907070381704,530.0627802690583,329.32839426638753,530.0627802690583C305.814140763408,530.0627802690583,305.814140763408,548.2690582959641,282.2998872604284,548.2690582959641C258.78563375744886,548.2690582959641,258.78563375744886,547.4887892376681,235.2713802544693,547.4887892376681C211.75712675148975,547.4887892376681,211.75712675148975,497.2914798206278,188.24287324851022,497.2914798206278C164.66419713319374,497.2914798206278,164.66419713319374,470.2421524663677,141.08552101787728,470.2421524663677C117.57126751489773,470.2421524663677,117.57126751489773,406.78026905829597,94.05701401191818,406.78026905829597C70.54276050893864,406.78026905829597,70.54276050893864,369.847533632287,47.02850700595909,369.847533632287C23.514253502979546,369.847533632287,23.514253502979546,341.7578475336323,0,341.7578475336323Z" fill="rgb(191, 105, 105)" title="Bayer"></path>
            <path class="layer" d="M0,326.15246636771303C23.514253502979546,326.15246636771303,23.514253502979546,357.88340807174893,47.02850700595909,357.88340807174893C70.54276050893864,357.88340807174893,70.54276050893864,343.31838565022423,94.05701401191818,343.31838565022423C117.57126751489773,343.31838565022423,117.57126751489773,407.30044843049325,141.08552101787728,407.30044843049325C164.66419713319374,407.30044843049325,164.66419713319374,147.21076233183857,188.24287324851022,147.21076233183857C211.75712675148975,147.21076233183857,211.75712675148975,131.34529147982062,235.2713802544693,131.34529147982062C258.78563375744886,131.34529147982062,258.78563375744886,125.88340807174887,282.2998872604284,125.88340807174887C305.814140763408,125.88340807174887,305.814140763408,106.11659192825113,329.32839426638753,106.11659192825113C352.907070381704,106.11659192825113,352.907070381704,144.34977578475335,376.48574649702044,144.34977578475335C400,144.34977578475335,400,149.81165919282512,423.51425350297956,149.81165919282512C447.0285070059591,149.81165919282512,447.0285070059591,233.30044843049325,470.5427605089386,233.30044843049325C494.05701401191817,233.30044843049325,494.05701401191817,237.98206278026908,517.5712675148977,237.98206278026908C541.1499436302142,237.98206278026908,541.1499436302142,250.72645739910314,564.7286197455306,250.72645739910314C588.2428732485103,250.72645739910314,588.2428732485103,183.1031390134529,611.7571267514899,183.1031390134529C635.2713802544694,183.1031390134529,635.2713802544694,223.67713004484304,658.7856337574489,223.67713004484304C682.2998872604285,223.67713004484304,682.2998872604285,203.39013452914799,705.814140763408,203.39013452914799C729.3928168787245,203.39013452914799,729.3928168787245,254.10762331838566,752.9714929940409,254.10762331838566C776.4857464970205,254.10762331838566,776.4857464970205,231.21973094170403,800,231.21973094170403L800,196.88789237668163C776.4857464970205,196.88789237668163,776.4857464970205,211.97309417040358,752.9714929940409,211.97309417040358C729.3928168787245,211.97309417040358,729.3928168787245,145.65022421524665,705.814140763408,145.65022421524665C682.2998872604285,145.65022421524665,682.2998872604285,172.17937219730942,658.7856337574489,172.17937219730942C635.2713802544694,172.17937219730942,635.2713802544694,121.2017937219731,611.7571267514899,121.2017937219731C588.2428732485103,121.2017937219731,588.2428732485103,178.42152466367713,564.7286197455306,178.42152466367713C541.1499436302142,178.42152466367713,541.1499436302142,172.43946188340806,517.5712675148977,172.43946188340806C494.05701401191817,172.43946188340806,494.05701401191817,150.59192825112106,470.5427605089386,150.59192825112106C447.0285070059591,150.59192825112106,447.0285070059591,52.53811659192825,423.51425350297956,52.53811659192825C400,52.53811659192825,400,39.27354260089686,376.48574649702044,39.27354260089686C352.907070381704,39.27354260089686,352.907070381704,6.762331838565022,329.32839426638753,6.762331838565022C305.814140763408,6.762331838565022,305.814140763408,0,282.2998872604284,0C258.78563375744886,0,258.78563375744886,2.8609865470852016,235.2713802544693,2.8609865470852016C211.75712675148975,2.8609865470852016,211.75712675148975,56.699551569506724,188.24287324851022,56.699551569506724C164.66419713319374,56.699551569506724,164.66419713319374,355.2825112107624,141.08552101787728,355.2825112107624C117.57126751489773,355.2825112107624,117.57126751489773,297.54260089686096,94.05701401191818,297.54260089686096C70.54276050893864,297.54260089686096,70.54276050893864,335.5156950672646,47.02850700595909,335.5156950672646C23.514253502979546,335.5156950672646,23.514253502979546,315.7488789237668,0,315.7488789237668Z" fill="rgb(191, 156, 105)" title="GSK"></path>
            <path class="layer" d="M0,346.4394618834081C23.514253502979546,346.4394618834081,23.514253502979546,388.5739910313901,47.02850700595909,388.5739910313901C70.54276050893864,388.5739910313901,70.54276050893864,447.3542600896861,94.05701401191818,447.3542600896861C117.57126751489773,447.3542600896861,117.57126751489773,497.2914798206278,141.08552101787728,497.2914798206278C164.66419713319374,497.2914798206278,164.66419713319374,522.2600896860986,188.24287324851022,522.2600896860986C211.75712675148975,522.2600896860986,211.75712675148975,575.0582959641256,235.2713802544693,575.0582959641256C258.78563375744886,575.0582959641256,258.78563375744886,580,282.2998872604284,580C305.814140763408,580,305.814140763408,573.237668161435,329.32839426638753,573.237668161435C352.907070381704,573.237668161435,352.907070381704,540.7264573991031,376.48574649702044,540.7264573991031C400,540.7264573991031,400,527.4618834080717,423.51425350297956,527.4618834080717C447.0285070059591,527.4618834080717,447.0285070059591,505.3542600896861,470.5427605089386,505.3542600896861C494.05701401191817,505.3542600896861,494.05701401191817,463.73991031390136,517.5712675148977,463.73991031390136C541.1499436302142,463.73991031390136,541.1499436302142,444.23318385650225,564.7286197455306,444.23318385650225C588.2428732485103,444.23318385650225,588.2428732485103,441.1121076233184,611.7571267514899,441.1121076233184C635.2713802544694,441.1121076233184,635.2713802544694,415.1031390134529,658.7856337574489,415.1031390134529C682.2998872604285,415.1031390134529,682.2998872604285,400.0179372197309,705.814140763408,400.0179372197309C729.3928168787245,400.0179372197309,729.3928168787245,412.76233183856505,752.9714929940409,412.76233183856505C776.4857464970205,412.76233183856505,776.4857464970205,424.72645739910314,800,424.72645739910314L800,419.52466367713004C776.4857464970205,419.52466367713004,776.4857464970205,399.23766816143495,752.9714929940409,399.23766816143495C729.3928168787245,399.23766816143495,729.3928168787245,377.6502242152466,705.814140763408,377.6502242152466C682.2998872604285,377.6502242152466,682.2998872604285,388.5739910313901,658.7856337574489,388.5739910313901C635.2713802544694,388.5739910313901,635.2713802544694,420.82511210762334,611.7571267514899,420.82511210762334C588.2428732485103,420.82511210762334,588.2428732485103,419.78475336322873,564.7286197455306,419.78475336322873C541.1499436302142,419.78475336322873,541.1499436302142,440.8520179372197,517.5712675148977,440.8520179372197C494.05701401191817,440.8520179372197,494.05701401191817,486.627802690583,470.5427605089386,486.627802690583C447.0285070059591,486.627802690583,447.0285070059591,516.5381165919282,423.51425350297956,516.5381165919282C400,516.5381165919282,400,533.9641255605382,376.48574649702044,533.9641255605382C352.907070381704,533.9641255605382,352.907070381704,562.8340807174887,329.32839426638753,562.8340807174887C305.814140763408,562.8340807174887,305.814140763408,575.3183856502242,282.2998872604284,575.3183856502242C258.78563375744886,575.3183856502242,258.78563375744886,567.7757847533632,235.2713802544693,567.7757847533632C211.75712675148975,567.7757847533632,211.75712675148975,518.0986547085201,188.24287324851022,518.0986547085201C164.66419713319374,518.0986547085201,164.66419713319374,491.04932735426013,141.08552101787728,491.04932735426013C117.57126751489773,491.04932735426013,117.57126751489773,440.07174887892376,94.05701401191818,440.07174887892376C70.54276050893864,440.07174887892376,70.54276050893864,385.97309417040356,47.02850700595909,385.97309417040356C23.514253502979546,385.97309417040356,23.514253502979546,345.39910313901345,0,345.39910313901345Z" fill="rgb(174, 191, 105)" title="Gilead"></path>
            <path class="layer" d="M0,279.8565022421525C23.514253502979546,279.8565022421525,23.514253502979546,369.847533632287,47.02850700595909,369.847533632287C70.54276050893864,369.847533632287,70.54276050893864,406.78026905829597,94.05701401191818,406.78026905829597C117.57126751489773,406.78026905829597,117.57126751489773,445.27354260089686,141.08552101787728,445.27354260089686C164.66419713319374,445.27354260089686,164.66419713319374,497.2914798206278,188.24287324851022,497.2914798206278C211.75712675148975,497.2914798206278,211.75712675148975,547.4887892376681,235.2713802544693,547.4887892376681C258.78563375744886,547.4887892376681,258.78563375744886,548.2690582959641,282.2998872604284,548.2690582959641C305.814140763408,548.2690582959641,305.814140763408,483.76681614349775,329.32839426638753,483.76681614349775C352.907070381704,483.76681614349775,352.907070381704,504.8340807174888,376.48574649702044,504.8340807174888C400,504.8340807174888,400,447.3542600896861,423.51425350297956,447.3542600896861C447.0285070059591,447.3542600896861,447.0285070059591,430.96860986547085,470.5427605089386,430.96860986547085C494.05701401191817,430.96860986547085,494.05701401191817,407.56053811659194,517.5712675148977,407.56053811659194C541.1499436302142,407.56053811659194,541.1499436302142,419.78475336322873,564.7286197455306,419.78475336322873C588.2428732485103,419.78475336322873,588.2428732485103,375.5695067264574,611.7571267514899,375.5695067264574C635.2713802544694,375.5695067264574,635.2713802544694,266.33183856502245,658.7856337574489,266.33183856502245C682.2998872604285,266.33183856502245,682.2998872604285,377.6502242152466,705.814140763408,377.6502242152466C729.3928168787245,377.6502242152466,729.3928168787245,331.09417040358744,752.9714929940409,331.09417040358744C776.4857464970205,331.09417040358744,776.4857464970205,348.78026905829597,800,348.78026905829597L800,323.2914798206278C776.4857464970205,323.2914798206278,776.4857464970205,306.6457399103139,752.9714929940409,306.6457399103139C729.3928168787245,306.6457399103139,729.3928168787245,354.762331838565,705.814140763408,354.762331838565C682.2998872604285,354.762331838565,682.2998872604285,223.67713004484304,658.7856337574489,223.67713004484304C635.2713802544694,223.67713004484304,635.2713802544694,344.35874439461884,611.7571267514899,344.35874439461884C588.2428732485103,344.35874439461884,588.2428732485103,394.29596412556054,564.7286197455306,394.29596412556054C541.1499436302142,394.29596412556054,541.1499436302142,374.26905829596416,517.5712675148977,374.26905829596416C494.05701401191817,374.26905829596416,494.05701401191817,394.03587443946185,470.5427605089386,394.03587443946185C447.0285070059591,394.03587443946185,447.0285070059591,409.9013452914798,423.51425350297956,409.9013452914798C400,409.9013452914798,400,468.42152466367713,376.48574649702044,468.42152466367713C352.907070381704,468.42152466367713,352.907070381704,434.8699551569507,329.32839426638753,434.8699551569507C305.814140763408,434.8699551569507,305.814140763408,507.17488789237666,282.2998872604284,507.17488789237666C258.78563375744886,507.17488789237666,258.78563375744886,516.7982062780269,235.2713802544693,516.7982062780269C211.75712675148975,516.7982062780269,211.75712675148975,472.84304932735427,188.24287324851022,472.84304932735427C164.66419713319374,472.84304932735427,164.66419713319374,407.30044843049325,141.08552101787728,407.30044843049325C117.57126751489773,407.30044843049325,117.57126751489773,381.8116591928251,94.05701401191818,381.8116591928251C70.54276050893864,381.8116591928251,70.54276050893864,357.88340807174893,47.02850700595909,357.88340807174893C23.514253502979546,357.88340807174893,23.514253502979546,259.5695067264574,0,259.5695067264574Z" fill="rgb(122, 191, 105)" title="JNJ"></path>
            <path class="layer" d="M0,259.5695067264574C23.514253502979546,259.5695067264574,23.514253502979546,273.6143497757848,47.02850700595909,273.6143497757848C70.54276050893864,273.6143497757848,70.54276050893864,248.6457399103139,94.05701401191818,248.6457399103139C117.57126751489773,248.6457399103139,117.57126751489773,293.3811659192825,141.08552101787728,293.3811659192825C164.66419713319374,293.3811659192825,164.66419713319374,305.86547085201795,188.24287324851022,305.86547085201795C211.75712675148975,305.86547085201795,211.75712675148975,477.2645739910314,235.2713802544693,477.2645739910314C258.78563375744886,477.2645739910314,258.78563375744886,314.1883408071749,282.2998872604284,314.1883408071749C305.814140763408,314.1883408071749,305.814140763408,376.08968609865474,329.32839426638753,376.08968609865474C352.907070381704,376.08968609865474,352.907070381704,385.1928251121076,376.48574649702044,385.1928251121076C400,385.1928251121076,400,409.9013452914798,423.51425350297956,409.9013452914798C447.0285070059591,409.9013452914798,447.0285070059591,394.03587443946185,470.5427605089386,394.03587443946185C494.05701401191817,394.03587443946185,494.05701401191817,289.4798206278027,517.5712675148977,289.4798206278027C541.1499436302142,289.4798206278027,541.1499436302142,294.9417040358744,564.7286197455306,294.9417040358744C588.2428732485103,294.9417040358744,588.2428732485103,279.33632286995515,611.7571267514899,279.33632286995515C635.2713802544694,279.33632286995515,635.2713802544694,330.83408071748875,658.7856337574489,330.83408071748875C682.2998872604285,330.83408071748875,682.2998872604285,354.762331838565,705.814140763408,354.762331838565C729.3928168787245,354.762331838565,729.3928168787245,370.62780269058294,752.9714929940409,370.62780269058294C776.4857464970205,370.62780269058294,776.4857464970205,262.9506726457399,800,262.9506726457399L800,231.21973094170403C776.4857464970205,231.21973094170403,776.4857464970205,355.0224215246637,752.9714929940409,355.0224215246637C729.3928168787245,355.0224215246637,729.3928168787245,331.35426008968614,705.814140763408,331.35426008968614C682.2998872604285,331.35426008968614,682.2998872604285,301.1838565022421,658.7856337574489,301.1838565022421C635.2713802544694,301.1838565022421,635.2713802544694,243.4439461883408,611.7571267514899,243.4439461883408C588.2428732485103,243.4439461883408,588.2428732485103,250.72645739910314,564.7286197455306,250.72645739910314C541.1499436302142,250.72645739910314,541.1499436302142,237.98206278026908,517.5712675148977,237.98206278026908C494.05701401191817,237.98206278026908,494.05701401191817,345.6591928251121,470.5427605089386,345.6591928251121C447.0285070059591,345.6591928251121,447.0285070059591,361.52466367713004,423.51425350297956,361.52466367713004C400,361.52466367713004,400,324.8520179372197,376.48574649702044,324.8520179372197C352.907070381704,324.8520179372197,352.907070381704,294.9417040358744,329.32839426638753,294.9417040358744C305.814140763408,294.9417040358744,305.814140763408,226.27802690582962,282.2998872604284,226.27802690582962C258.78563375744886,226.27802690582962,258.78563375744886,401.31838565022423,235.2713802544693,401.31838565022423C211.75712675148975,401.31838565022423,211.75712675148975,228.35874439461884,188.24287324851022,228.35874439461884C164.66419713319374,228.35874439461884,164.66419713319374,229.91928251121075,141.08552101787728,229.91928251121075C117.57126751489773,229.91928251121075,117.57126751489773,198.7085201793722,94.05701401191818,198.7085201793722C70.54276050893864,198.7085201793722,70.54276050893864,236.16143497757847,47.02850700595909,236.16143497757847C23.514253502979546,236.16143497757847,23.514253502979546,233.56053811659194,0,233.56053811659194Z" fill="rgb(105, 191, 139)" title="Merck"></path>
            <path class="layer" d="M0,333.95515695067263C23.514253502979546,333.95515695067263,23.514253502979546,335.5156950672646,47.02850700595909,335.5156950672646C70.54276050893864,335.5156950672646,70.54276050893864,381.8116591928251,94.05701401191818,381.8116591928251C117.57126751489773,381.8116591928251,117.57126751489773,164.8968609865471,141.08552101787728,164.8968609865471C164.66419713319374,164.8968609865471,164.66419713319374,382.33183856502245,188.24287324851022,382.33183856502245C211.75712675148975,382.33183856502245,211.75712675148975,316.00896860986546,235.2713802544693,316.00896860986546C258.78563375744886,316.00896860986546,258.78563375744886,400.53811659192826,282.2998872604284,400.53811659192826C305.814140763408,400.53811659192826,305.814140763408,294.9417040358744,329.32839426638753,294.9417040358744C352.907070381704,294.9417040358744,352.907070381704,235.38116591928252,376.48574649702044,235.38116591928252C400,235.38116591928252,400,237.72197309417038,423.51425350297956,237.72197309417038C447.0285070059591,237.72197309417038,447.0285070059591,150.59192825112106,470.5427605089386,150.59192825112106C494.05701401191817,150.59192825112106,494.05701401191817,172.43946188340806,517.5712675148977,172.43946188340806C541.1499436302142,172.43946188340806,541.1499436302142,178.42152466367713,564.7286197455306,178.42152466367713C588.2428732485103,178.42152466367713,588.2428732485103,243.4439461883408,611.7571267514899,243.4439461883408C635.2713802544694,243.4439461883408,635.2713802544694,172.17937219730942,658.7856337574489,172.17937219730942C682.2998872604285,172.17937219730942,682.2998872604285,251.24663677130047,705.814140763408,251.24663677130047C729.3928168787245,251.24663677130047,729.3928168787245,211.97309417040358,752.9714929940409,211.97309417040358C776.4857464970205,211.97309417040358,776.4857464970205,196.88789237668163,800,196.88789237668163L800,155.27354260089683C776.4857464970205,155.27354260089683,776.4857464970205,167.23766816143498,752.9714929940409,167.23766816143498C729.3928168787245,167.23766816143498,729.3928168787245,203.39013452914799,705.814140763408,203.39013452914799C682.2998872604285,203.39013452914799,682.2998872604285,116,658.7856337574489,116C635.2713802544694,116,635.2713802544694,183.1031390134529,611.7571267514899,183.1031390134529C588.2428732485103,183.1031390134529,588.2428732485103,97.27354260089686,564.7286197455306,97.27354260089686C541.1499436302142,97.27354260089686,541.1499436302142,81.40807174887892,517.5712675148977,81.40807174887892C494.05701401191817,81.40807174887892,494.05701401191817,63.2017937219731,470.5427605089386,63.2017937219731C447.0285070059591,63.2017937219731,447.0285070059591,149.81165919282512,423.51425350297956,149.81165919282512C400,149.81165919282512,400,144.34977578475335,376.48574649702044,144.34977578475335C352.907070381704,144.34977578475335,352.907070381704,202.86995515695068,329.32839426638753,202.86995515695068C305.814140763408,202.86995515695068,305.814140763408,314.1883408071749,282.2998872604284,314.1883408071749C258.78563375744886,314.1883408071749,258.78563375744886,226.53811659192826,235.2713802544693,226.53811659192826C211.75712675148975,226.53811659192826,211.75712675148975,305.86547085201795,188.24287324851022,305.86547085201795C164.66419713319374,305.86547085201795,164.66419713319374,82.1883408071749,141.08552101787728,82.1883408071749C117.57126751489773,82.1883408071749,117.57126751489773,343.31838565022423,94.05701401191818,343.31838565022423C70.54276050893864,343.31838565022423,70.54276050893864,307.9461883408072,47.02850700595909,307.9461883408072C23.514253502979546,307.9461883408072,23.514253502979546,326.15246636771303,0,326.15246636771303Z" fill="rgb(105, 191, 191)" title="Novartis"></path>
            <path class="layer" d="M0,315.7488789237668C23.514253502979546,315.7488789237668,23.514253502979546,236.16143497757847,47.02850700595909,236.16143497757847C70.54276050893864,236.16143497757847,70.54276050893864,198.7085201793722,94.05701401191818,198.7085201793722C117.57126751489773,198.7085201793722,117.57126751489773,229.91928251121075,141.08552101787728,229.91928251121075C164.66419713319374,229.91928251121075,164.66419713319374,228.35874439461884,188.24287324851022,228.35874439461884C211.75712675148975,228.35874439461884,211.75712675148975,226.53811659192826,235.2713802544693,226.53811659192826C258.78563375744886,226.53811659192826,258.78563375744886,226.27802690582962,282.2998872604284,226.27802690582962C305.814140763408,226.27802690582962,305.814140763408,202.86995515695068,329.32839426638753,202.86995515695068C352.907070381704,202.86995515695068,352.907070381704,324.8520179372197,376.48574649702044,324.8520179372197C400,324.8520179372197,400,308.9865470852018,423.51425350297956,308.9865470852018C447.0285070059591,308.9865470852018,447.0285070059591,296.2421524663677,470.5427605089386,296.2421524663677C494.05701401191817,296.2421524663677,494.05701401191817,374.26905829596416,517.5712675148977,374.26905829596416C541.1499436302142,374.26905829596416,541.1499436302142,364.1255605381166,564.7286197455306,364.1255605381166C588.2428732485103,364.1255605381166,588.2428732485103,344.35874439461884,611.7571267514899,344.35874439461884C635.2713802544694,344.35874439461884,635.2713802544694,388.5739910313901,658.7856337574489,388.5739910313901C682.2998872604285,388.5739910313901,682.2998872604285,331.35426008968614,705.814140763408,331.35426008968614C729.3928168787245,331.35426008968614,729.3928168787245,385.713004484305,752.9714929940409,385.713004484305C776.4857464970205,385.713004484305,776.4857464970205,373.74887892376677,800,373.74887892376677L800,348.78026905829597C776.4857464970205,348.78026905829597,776.4857464970205,370.62780269058294,752.9714929940409,370.62780269058294C729.3928168787245,370.62780269058294,729.3928168787245,307.42600896860984,705.814140763408,307.42600896860984C682.2998872604285,307.42600896860984,682.2998872604285,359.9641255605381,658.7856337574489,359.9641255605381C635.2713802544694,359.9641255605381,635.2713802544694,312.10762331838566,611.7571267514899,312.10762331838566C588.2428732485103,312.10762331838566,588.2428732485103,331.35426008968614,564.7286197455306,331.35426008968614C541.1499436302142,331.35426008968614,541.1499436302142,333.695067264574,517.5712675148977,333.695067264574C494.05701401191817,333.695067264574,494.05701401191817,233.30044843049325,470.5427605089386,233.30044843049325C447.0285070059591,233.30044843049325,447.0285070059591,237.72197309417038,423.51425350297956,237.72197309417038C400,237.72197309417038,400,235.38116591928252,376.48574649702044,235.38116591928252C352.907070381704,235.38116591928252,352.907070381704,106.11659192825113,329.32839426638753,106.11659192825113C305.814140763408,106.11659192825113,305.814140763408,125.88340807174887,282.2998872604284,125.88340807174887C258.78563375744886,125.88340807174887,258.78563375744886,131.34529147982062,235.2713802544693,131.34529147982062C211.75712675148975,131.34529147982062,211.75712675148975,147.21076233183857,188.24287324851022,147.21076233183857C164.66419713319374,147.21076233183857,164.66419713319374,164.8968609865471,141.08552101787728,164.8968609865471C117.57126751489773,164.8968609865471,117.57126751489773,132.1255605381166,94.05701401191818,132.1255605381166C70.54276050893864,132.1255605381166,70.54276050893864,190.90582959641256,47.02850700595909,190.90582959641256C23.514253502979546,190.90582959641256,23.514253502979546,300.1434977578475,0,300.1434977578475Z" fill="rgb(105, 139, 191)" title="Pfizer"></path>
            <path class="layer" d="M0,341.7578475336323C23.514253502979546,341.7578475336323,23.514253502979546,385.97309417040356,47.02850700595909,385.97309417040356C70.54276050893864,385.97309417040356,70.54276050893864,440.07174887892376,94.05701401191818,440.07174887892376C117.57126751489773,440.07174887892376,117.57126751489773,470.2421524663677,141.08552101787728,470.2421524663677C164.66419713319374,470.2421524663677,164.66419713319374,472.84304932735427,188.24287324851022,472.84304932735427C211.75712675148975,472.84304932735427,211.75712675148975,516.7982062780269,235.2713802544693,516.7982062780269C258.78563375744886,516.7982062780269,258.78563375744886,507.17488789237666,282.2998872604284,507.17488789237666C305.814140763408,507.17488789237666,305.814140763408,530.0627802690583,329.32839426638753,530.0627802690583C352.907070381704,530.0627802690583,352.907070381704,428.8878923766816,376.48574649702044,428.8878923766816C400,428.8878923766816,400,484.286995515695,423.51425350297956,484.286995515695C447.0285070059591,484.286995515695,447.0285070059591,345.6591928251121,470.5427605089386,345.6591928251121C494.05701401191817,345.6591928251121,494.05701401191817,440.8520179372197,517.5712675148977,440.8520179372197C541.1499436302142,440.8520179372197,541.1499436302142,331.35426008968614,564.7286197455306,331.35426008968614C588.2428732485103,331.35426008968614,588.2428732485103,312.10762331838566,611.7571267514899,312.10762331838566C635.2713802544694,312.10762331838566,635.2713802544694,359.9641255605381,658.7856337574489,359.9641255605381C682.2998872604285,359.9641255605381,682.2998872604285,307.42600896860984,705.814140763408,307.42600896860984C729.3928168787245,307.42600896860984,729.3928168787245,281.15695067264573,752.9714929940409,281.15695067264573C776.4857464970205,281.15695067264573,776.4857464970205,323.2914798206278,800,323.2914798206278L800,294.16143497757844C776.4857464970205,294.16143497757844,776.4857464970205,254.10762331838566,752.9714929940409,254.10762331838566C729.3928168787245,254.10762331838566,729.3928168787245,279.8565022421525,705.814140763408,279.8565022421525C682.2998872604285,279.8565022421525,682.2998872604285,330.83408071748875,658.7856337574489,330.83408071748875C635.2713802544694,330.83408071748875,635.2713802544694,279.33632286995515,611.7571267514899,279.33632286995515C588.2428732485103,279.33632286995515,588.2428732485103,294.9417040358744,564.7286197455306,294.9417040358744C541.1499436302142,294.9417040358744,541.1499436302142,407.56053811659194,517.5712675148977,407.56053811659194C494.05701401191817,407.56053811659194,494.05701401191817,296.2421524663677,470.5427605089386,296.2421524663677C447.0285070059591,296.2421524663677,447.0285070059591,447.3542600896861,423.51425350297956,447.3542600896861C400,447.3542600896861,400,385.1928251121076,376.48574649702044,385.1928251121076C352.907070381704,385.1928251121076,352.907070381704,483.76681614349775,329.32839426638753,483.76681614349775C305.814140763408,483.76681614349775,305.814140763408,458.7982062780269,282.2998872604284,458.7982062780269C258.78563375744886,458.7982062780269,258.78563375744886,477.2645739910314,235.2713802544693,477.2645739910314C211.75712675148975,477.2645739910314,211.75712675148975,442.6726457399103,188.24287324851022,442.6726457399103C164.66419713319374,442.6726457399103,164.66419713319374,445.27354260089686,141.08552101787728,445.27354260089686C117.57126751489773,445.27354260089686,117.57126751489773,428.1076233183856,94.05701401191818,428.1076233183856C70.54276050893864,428.1076233183856,70.54276050893864,378.1704035874439,47.02850700595909,378.1704035874439C23.514253502979546,378.1704035874439,23.514253502979546,333.95515695067263,0,333.95515695067263Z" fill="rgb(122, 105, 191)" title="Roche"></path>
            <path class="layer" d="M0,300.1434977578475C23.514253502979546,300.1434977578475,23.514253502979546,307.9461883408072,47.02850700595909,307.9461883408072C70.54276050893864,307.9461883408072,70.54276050893864,297.54260089686096,94.05701401191818,297.54260089686096C117.57126751489773,297.54260089686096,117.57126751489773,355.2825112107624,141.08552101787728,355.2825112107624C164.66419713319374,355.2825112107624,164.66419713319374,442.6726457399103,188.24287324851022,442.6726457399103C211.75712675148975,442.6726457399103,211.75712675148975,401.31838565022423,235.2713802544693,401.31838565022423C258.78563375744886,401.31838565022423,258.78563375744886,458.7982062780269,282.2998872604284,458.7982062780269C305.814140763408,458.7982062780269,305.814140763408,434.8699551569507,329.32839426638753,434.8699551569507C352.907070381704,434.8699551569507,352.907070381704,468.42152466367713,376.48574649702044,468.42152466367713C400,468.42152466367713,400,361.52466367713004,423.51425350297956,361.52466367713004C447.0285070059591,361.52466367713004,447.0285070059591,467.3811659192825,470.5427605089386,467.3811659192825C494.05701401191817,467.3811659192825,494.05701401191817,333.695067264574,517.5712675148977,333.695067264574C541.1499436302142,333.695067264574,541.1499436302142,394.29596412556054,564.7286197455306,394.29596412556054C588.2428732485103,394.29596412556054,588.2428732485103,420.82511210762334,611.7571267514899,420.82511210762334C635.2713802544694,420.82511210762334,635.2713802544694,301.1838565022421,658.7856337574489,301.1838565022421C682.2998872604285,301.1838565022421,682.2998872604285,279.8565022421525,705.814140763408,279.8565022421525C729.3928168787245,279.8565022421525,729.3928168787245,306.6457399103139,752.9714929940409,306.6457399103139C776.4857464970205,306.6457399103139,776.4857464970205,294.16143497757844,800,294.16143497757844L800,262.9506726457399C776.4857464970205,262.9506726457399,776.4857464970205,281.15695067264573,752.9714929940409,281.15695067264573C729.3928168787245,281.15695067264573,729.3928168787245,251.24663677130047,705.814140763408,251.24663677130047C682.2998872604285,251.24663677130047,682.2998872604285,266.33183856502245,658.7856337574489,266.33183856502245C635.2713802544694,266.33183856502245,635.2713802544694,398.9775784753364,611.7571267514899,398.9775784753364C588.2428732485103,398.9775784753364,588.2428732485103,364.1255605381166,564.7286197455306,364.1255605381166C541.1499436302142,364.1255605381166,541.1499436302142,289.4798206278027,517.5712675148977,289.4798206278027C494.05701401191817,289.4798206278027,494.05701401191817,430.96860986547085,470.5427605089386,430.96860986547085C447.0285070059591,430.96860986547085,447.0285070059591,308.9865470852018,423.51425350297956,308.9865470852018C400,308.9865470852018,400,428.8878923766816,376.48574649702044,428.8878923766816C352.907070381704,428.8878923766816,352.907070381704,376.08968609865474,329.32839426638753,376.08968609865474C305.814140763408,376.08968609865474,305.814140763408,400.53811659192826,282.2998872604284,400.53811659192826C258.78563375744886,400.53811659192826,258.78563375744886,316.00896860986546,235.2713802544693,316.00896860986546C211.75712675148975,316.00896860986546,211.75712675148975,382.33183856502245,188.24287324851022,382.33183856502245C164.66419713319374,382.33183856502245,164.66419713319374,293.3811659192825,141.08552101787728,293.3811659192825C117.57126751489773,293.3811659192825,117.57126751489773,248.6457399103139,94.05701401191818,248.6457399103139C70.54276050893864,248.6457399103139,70.54276050893864,273.6143497757848,47.02850700595909,273.6143497757848C23.514253502979546,273.6143497757848,23.514253502979546,279.8565022421525,0,279.8565022421525Z" fill="rgb(174, 105, 191)" title="Sanofi"></path>
            <path class="layer" d="M0,346.4394618834081C23.514253502979546,346.4394618834081,23.514253502979546,389.09417040358744,47.02850700595909,389.09417040358744C70.54276050893864,389.09417040358744,70.54276050893864,447.8744394618834,94.05701401191818,447.8744394618834C117.57126751489773,447.8744394618834,117.57126751489773,497.8116591928251,141.08552101787728,497.8116591928251C164.66419713319374,497.8116591928251,164.66419713319374,523.3004484304932,188.24287324851022,523.3004484304932C211.75712675148975,523.3004484304932,211.75712675148975,577.1390134529148,235.2713802544693,577.1390134529148C258.78563375744886,577.1390134529148,258.78563375744886,575.3183856502242,282.2998872604284,575.3183856502242C305.814140763408,575.3183856502242,305.814140763408,562.8340807174887,329.32839426638753,562.8340807174887C352.907070381704,562.8340807174887,352.907070381704,533.9641255605382,376.48574649702044,533.9641255605382C400,533.9641255605382,400,516.5381165919282,423.51425350297956,516.5381165919282C447.0285070059591,516.5381165919282,447.0285070059591,516.7982062780269,470.5427605089386,516.7982062780269C494.05701401191817,516.7982062780269,494.05701401191817,486.10762331838566,517.5712675148977,486.10762331838566C541.1499436302142,486.10762331838566,541.1499436302142,482.72645739910314,564.7286197455306,482.72645739910314C588.2428732485103,482.72645739910314,588.2428732485103,398.9775784753364,611.7571267514899,398.9775784753364C635.2713802544694,398.9775784753364,635.2713802544694,441.6322869955157,658.7856337574489,441.6322869955157C682.2998872604285,441.6322869955157,682.2998872604285,418.2242152466368,705.814140763408,418.2242152466368C729.3928168787245,418.2242152466368,729.3928168787245,355.0224215246637,752.9714929940409,355.0224215246637C776.4857464970205,355.0224215246637,776.4857464970205,397.15695067264573,800,397.15695067264573L800,373.74887892376677C776.4857464970205,373.74887892376677,776.4857464970205,331.09417040358744,752.9714929940409,331.09417040358744C729.3928168787245,331.09417040358744,729.3928168787245,400.0179372197309,705.814140763408,400.0179372197309C682.2998872604285,400.0179372197309,682.2998872604285,415.1031390134529,658.7856337574489,415.1031390134529C635.2713802544694,415.1031390134529,635.2713802544694,375.5695067264574,611.7571267514899,375.5695067264574C588.2428732485103,375.5695067264574,588.2428732485103,466.0807174887892,564.7286197455306,466.0807174887892C541.1499436302142,466.0807174887892,541.1499436302142,463.73991031390136,517.5712675148977,463.73991031390136C494.05701401191817,463.73991031390136,494.05701401191817,505.3542600896861,470.5427605089386,505.3542600896861C447.0285070059591,505.3542600896861,447.0285070059591,502.49327354260095,423.51425350297956,502.49327354260095C400,502.49327354260095,400,523.5605381165919,376.48574649702044,523.5605381165919C352.907070381704,523.5605381165919,352.907070381704,551.390134529148,329.32839426638753,551.390134529148C305.814140763408,551.390134529148,305.814140763408,567.5156950672646,282.2998872604284,567.5156950672646C258.78563375744886,567.5156950672646,258.78563375744886,575.0582959641256,235.2713802544693,575.0582959641256C211.75712675148975,575.0582959641256,211.75712675148975,522.2600896860986,188.24287324851022,522.2600896860986C164.66419713319374,522.2600896860986,164.66419713319374,497.2914798206278,141.08552101787728,497.2914798206278C117.57126751489773,497.2914798206278,117.57126751489773,447.3542600896861,94.05701401191818,447.3542600896861C70.54276050893864,447.3542600896861,70.54276050893864,388.5739910313901,47.02850700595909,388.5739910313901C23.514253502979546,388.5739910313901,23.514253502979546,346.4394618834081,0,346.4394618834081Z" fill="rgb(191, 105, 156)" title="AbbVie"></path>
            <g class="x axis" style="stroke-width: 1px; font-size: 10px; font-family: Arial, Helvetica;" transform="translate(0,580)" fill="none" font-size="10" font-family="sans-serif" text-anchor="middle">
                <path class="domain" stroke="#000" d="M0.5,6V0.5H800.5V6" style="shape-rendering: crispedges; fill: none; stroke: rgb(204, 204, 204);"></path>
                <g class="tick" opacity="1" transform="translate(47.544612659043324,0)">
                    <line stroke="#000" y2="6" style="shape-rendering: crispedges; fill: none; stroke: rgb(204, 204, 204);"></line>
                    <text fill="#000" y="9" dy="0.71em">2002</text>
                </g>
                <g class="tick" opacity="1" transform="translate(141.6016266709615,0)">
                    <line stroke="#000" y2="6" style="shape-rendering: crispedges; fill: none; stroke: rgb(204, 204, 204);"></line>
                    <text fill="#000" y="9" dy="0.71em">2004</text>
                </g>
                <g class="tick" opacity="1" transform="translate(235.78748590755356,0)">
                    <line stroke="#000" y2="6" style="shape-rendering: crispedges; fill: none; stroke: rgb(204, 204, 204);"></line>
                    <text fill="#000" y="9" dy="0.71em">2006</text>
                </g>
                <g class="tick" opacity="1" transform="translate(329.84449991947173,0)">
                    <line stroke="#000" y2="6" style="shape-rendering: crispedges; fill: none; stroke: rgb(204, 204, 204);"></line>
                    <text fill="#000" y="9" dy="0.71em">2008</text>
                </g>
                <g class="tick" opacity="1" transform="translate(424.0303591560638,0)">
                    <line stroke="#000" y2="6" style="shape-rendering: crispedges; fill: none; stroke: rgb(204, 204, 204);"></line>
                    <text fill="#000" y="9" dy="0.71em">2010</text>
                </g>
                <g class="tick" opacity="1" transform="translate(518.087373167982,0)">
                    <line stroke="#000" y2="6" style="shape-rendering: crispedges; fill: none; stroke: rgb(204, 204, 204);"></line>
                    <text fill="#000" y="9" dy="0.71em">2012</text>
                </g>
                <g class="tick" opacity="1" transform="translate(612.273232404574,0)">
                    <line stroke="#000" y2="6" style="shape-rendering: crispedges; fill: none; stroke: rgb(204, 204, 204);"></line>
                    <text fill="#000" y="9" dy="0.71em">2014</text>
                </g>
                <g class="tick" opacity="1" transform="translate(706.3302464164922,0)">
                    <line stroke="#000" y2="6" style="shape-rendering: crispedges; fill: none; stroke: rgb(204, 204, 204);"></line>
                    <text fill="#000" y="9" dy="0.71em">2016</text>
                </g>
            </g>
        </g>
    </svg>
</body>

</html>
